3.0422404641415763 0.13494333879163878 8.42023155272749 0.2055439729858899
9.227946264406292 0.21653814118857584 4.541840922095957 0.8693206010803641
5.432519725346157 0.15759880380609195 7.035634596973428 0.7378433420995355
9.227946264406292 0.21653814118857584 2.403307419963979 0.8693206010803641
0.14294024303752928 0.36744624197244224 3.835739236483122 0.8693206010803641
9.227946264406292 0.21653814118857584 0.7949466711142128 0.8693206010803641
2.419871846973403 0.11860346104048818 8.914975936702673 0.6295783033984566
1.910015752252937 8.036186814049014 9.80067010514044 0.6333883508406621
3.928421338634835 0.12508079736118832 0.3992438858347669 0.6903319543860633
1.910015752252937 0.06785082803013154 9.80067010514044 0.6333883508406621
2.926863121784767 0.1394473366582462 8.415102340759987 0.6406390981765999
2.560859177254378 1.5607305454267397 5.8528263897014545 0.08630595426766376
3.5918398277863153 1.9252111503625846 8.069571420046243 0.07845355699271894
6.122597277902545 0.1683150469665436 1.2243389606111732 9.133059740451653
1.2645004016926316 6.146838591086987 9.575228182895268 0.5856994181064181
7.774209425998637 9.773504093684943 7.40044041610056 0.02846359363211237
9.18806227996942 0.6481505415432853 1.8523333502849915 3.573103074668522
2.7483102046238215 1.6269997463241659 7.216558560601846 0.08487824567221924
0.08241979819940237 7.975469063764401 7.148925199452227 0.12948261318848842
1.3955971314269444 5.158904585987184 4.934531414932774 0.45123352313219944
