1.5575603838592689 3.646142705681571 8.760251962985757 0.722935256052035
6.662360700752328 4.003697794450933 5.874537812358849 0.9870897970742544
9.227946264406292 0.21653814118857584 4.541840922095957 0.8693206010803641
5.953041772973076 9.391412084271272 7.139750386254395 0.8365883804573638
5.043795702128403 9.417647476136247 8.709843440297954 0.75214327292008
1.3458583130796131 2.827459153412537 6.550941715618159 0.1657002030193485
1.3955971314269444 5.158904585987183 9.372770515646913 0.45123352313219944
7.519171316593788 5.8686692980576485 1.745191535341345 0.21478432428854688
7.774209425998637 9.773504093684943 7.40044041610056 0.02846359363211237
9.007338739866448 2.2432722235184 0.5805709094674849 0.21187283180447491
3.5918398277863153 1.9252111503625846 8.069571420046243 0.07845355699271894
6.513211196994049 0.6481505415432853 5.8093828243561205 0.7918152878574486
8.386444887390404 1.3370695426945356 3.0713151253465485 0.7358813337097415
1.7173295540918843 1.2625191413883208 4.039125910328445 0.09273064294716404
2.261116183106732 9.756071016301075 1.3572881173216156 0.1433027702448143
4.685389559477203 6.642100867772971 8.707738579298864 0.6586723302751312
1.910015752252937 0.06785082803013154 9.80067010514044 0.6333883508406621
0.47553719545225803 0.15785675714401481 9.299688055706723 0.5274129447645642
0.08241979819940237 7.975469063764401 7.1489251994522265 0.12948261318848842
4.047052961200606 7.643333591271436 1.5294670271760047 0.1322550330359099
